
/* 
 * File:   TMDC.cpp
 * Author:  Paul Cazeaux
 * 
 * Created on June 12, 2017, 9:00 AM
 */

#include "TMDC.h"

using namespace TMDC;

double Coupling::Intralayer::MoS2(const Orbital orbit_row,  const Orbital orbit_col, 
                                        std::array<int, 2> vector)
{
    /* Lookup table of coefficients */
    const double onsite[11][11] = 
       {
            { 1.429200, 0.000000, 0.000000, 0.000000, 0.000000, 0.000000, 0.000000, 0.000000, 0.000000, 0.000000, 0.000000},
            { 0.000000, 1.429200, 0.000000, 0.000000, 0.000000, 0.000000, 0.000000, 0.000000, 0.000000, 0.000000, 0.000000},
            { 0.000000, 0.000000, 0.224400, 0.000000, 0.000000, 0.000000, 0.000000, 0.000000, 0.000000, 0.000000, 0.000000},
            { 0.000000, 0.000000, 0.000000, 0.449800, 0.000000, 0.000000, 0.000000, 0.000000, 0.000000, 0.000000, 0.000000},
            { 0.000000, 0.000000, 0.000000, 0.000000, 0.449800, 0.000000, 0.000000, 0.000000, 0.000000, 0.000000, 0.000000},
            { 0.000000, 0.000000, 0.000000, 0.000000, 0.000000,-1.849550, 0.000000, 0.000000,-0.308150, 0.000000, 0.000000},
            { 0.000000, 0.000000, 0.000000, 0.000000, 0.000000, 0.000000,-1.849550, 0.000000, 0.000000,-0.308150, 0.000000},
            { 0.000000, 0.000000, 0.000000, 0.000000, 0.000000, 0.000000, 0.000000,-2.086400, 0.000000, 0.000000, 1.059700},
            { 0.000000, 0.000000, 0.000000, 0.000000, 0.000000,-0.308150, 0.000000, 0.000000,-1.849550, 0.000000, 0.000000},
            { 0.000000, 0.000000, 0.000000, 0.000000, 0.000000, 0.000000,-0.308150, 0.000000, 0.000000,-1.849550, 0.000000},
            { 0.000000, 0.000000, 0.000000, 0.000000, 0.000000, 0.000000, 0.000000, 1.059700, 0.000000, 0.000000,-2.086400}
       };
    const double H_posd1[11][11] = 
       {
            {-0.293984, 0.364035, 0.000000, 0.000000, 0.000000, 0.000000, 0.000000, 0.000000, 0.000000, 0.000000, 0.000000},
            {-0.364035, 0.045895, 0.000000, 0.000000, 0.000000, 0.000000, 0.000000, 0.000000, 0.000000, 0.000000, 0.000000},
            { 0.000000, 0.000000,-0.423286, 0.162693, 0.582001, 0.000000, 0.000000, 0.000000, 0.000000, 0.000000, 0.000000},
            { 0.000000, 0.000000,-0.162693, 0.390321, 0.353378, 0.000000, 0.000000, 0.000000, 0.000000, 0.000000, 0.000000},
            { 0.000000, 0.000000, 0.582001,-0.353378,-0.793004, 0.000000, 0.000000, 0.000000, 0.000000, 0.000000, 0.000000},
            { 0.000000, 0.000000, 0.000000, 0.000000, 0.000000, 1.043097, 0.063972, 0.003991, 0.027643,-0.018781,-0.120784},
            { 0.000000, 0.000000, 0.000000, 0.000000, 0.000000,-0.063972,-0.106405,-0.035449, 0.018781, 0.113330,-0.044252},
            { 0.000000, 0.000000, 0.000000, 0.000000, 0.000000,-0.003991,-0.035449,-0.214512,-0.120784, 0.044252, 0.010388},
            { 0.000000, 0.000000, 0.000000, 0.000000, 0.000000, 0.027643,-0.018781, 0.120784, 1.043097, 0.063972,-0.003991},
            { 0.000000, 0.000000, 0.000000, 0.000000, 0.000000, 0.018781, 0.113330, 0.044252,-0.063972,-0.106405, 0.035449},
            { 0.000000, 0.000000, 0.000000, 0.000000, 0.000000, 0.120784,-0.044252, 0.010388, 0.003991, 0.035449,-0.214512}
       };
    const double H_posd2[11][11] = 
       {
            {-0.039075,-0.511207, 0.000000, 0.000000, 0.000000, 0.000000, 0.000000, 0.000000, 0.000000, 0.000000, 0.000000},
            { 0.216863,-0.209014, 0.000000, 0.000000, 0.000000, 0.000000, 0.000000, 0.000000, 0.000000, 0.000000, 0.000000},
            { 0.000000, 0.000000,-0.423286, 0.585374,-0.150104, 0.000000, 0.000000, 0.000000, 0.000000, 0.000000, 0.000000},
            { 0.000000, 0.000000, 0.422681,-0.497173, 0.159017, 0.000000, 0.000000, 0.000000, 0.000000, 0.000000, 0.000000},
            { 0.000000, 0.000000,-0.431897, 0.865773, 0.094490, 0.000000, 0.000000, 0.000000, 0.000000, 0.000000, 0.000000},
            { 0.000000, 0.000000, 0.000000, 0.000000, 0.000000, 0.180971, 0.433777,-0.028704, 0.091909,-0.018323,-0.098716},
            { 0.000000, 0.000000, 0.000000, 0.000000, 0.000000, 0.561721, 0.755722, 0.021181,-0.055885, 0.049065,-0.082476},
            { 0.000000, 0.000000, 0.000000, 0.000000, 0.000000,-0.032695, 0.014268,-0.214512,-0.022068,-0.126728, 0.010388},
            { 0.000000, 0.000000, 0.000000, 0.000000, 0.000000, 0.091909,-0.018323, 0.098716, 0.180971, 0.433777, 0.028704},
            { 0.000000, 0.000000, 0.000000, 0.000000, 0.000000,-0.055885, 0.049065, 0.082476, 0.561721, 0.755722,-0.021181},
            { 0.000000, 0.000000, 0.000000, 0.000000, 0.000000, 0.022068, 0.126728, 0.010388, 0.032695,-0.014268,-0.214512}
       };
    const double H_posd3[11][11] = 
       {
            {-0.039075, 0.511207, 0.000000, 0.000000, 0.000000, 0.000000, 0.000000, 0.000000, 0.000000, 0.000000, 0.000000},
            {-0.216863,-0.209014, 0.000000, 0.000000, 0.000000, 0.000000, 0.000000, 0.000000, 0.000000, 0.000000, 0.000000},
            { 0.000000, 0.000000,-0.423286,-0.585374,-0.150104, 0.000000, 0.000000, 0.000000, 0.000000, 0.000000, 0.000000},
            { 0.000000, 0.000000,-0.422681,-0.497173,-0.159017, 0.000000, 0.000000, 0.000000, 0.000000, 0.000000, 0.000000},
            { 0.000000, 0.000000,-0.431897,-0.865773, 0.094490, 0.000000, 0.000000, 0.000000, 0.000000, 0.000000, 0.000000},
            { 0.000000, 0.000000, 0.000000, 0.000000, 0.000000, 0.180971,-0.433777, 0.028704, 0.091909, 0.018323, 0.098716},
            { 0.000000, 0.000000, 0.000000, 0.000000, 0.000000,-0.561721, 0.755722, 0.021181, 0.055885, 0.049065,-0.082476},
            { 0.000000, 0.000000, 0.000000, 0.000000, 0.000000, 0.032695, 0.014268,-0.214512, 0.022068,-0.126728, 0.010388},
            { 0.000000, 0.000000, 0.000000, 0.000000, 0.000000, 0.091909, 0.018323,-0.098716, 0.180971,-0.433777,-0.028704},
            { 0.000000, 0.000000, 0.000000, 0.000000, 0.000000, 0.055885, 0.049065, 0.082476,-0.561721, 0.755722,-0.021181},
            { 0.000000, 0.000000, 0.000000, 0.000000, 0.000000,-0.022068, 0.126728, 0.010388,-0.032695,-0.014268,-0.214512}
       };
    const double H_negd1[11][11] = 
       {
            {-0.293984,-0.364035, 0.000000, 0.000000, 0.000000, 0.000000, 0.000000, 0.000000, 0.000000, 0.000000, 0.000000},
            { 0.364035, 0.045895, 0.000000, 0.000000, 0.000000, 0.000000, 0.000000, 0.000000, 0.000000, 0.000000, 0.000000},
            { 0.000000, 0.000000,-0.423286,-0.162693, 0.582001, 0.000000, 0.000000, 0.000000, 0.000000, 0.000000, 0.000000},
            { 0.000000, 0.000000, 0.162693, 0.390321,-0.353378, 0.000000, 0.000000, 0.000000, 0.000000, 0.000000, 0.000000},
            { 0.000000, 0.000000, 0.582001, 0.353378,-0.793004, 0.000000, 0.000000, 0.000000, 0.000000, 0.000000, 0.000000},
            { 0.000000, 0.000000, 0.000000, 0.000000, 0.000000, 1.043097,-0.063972,-0.003991, 0.027643, 0.018781, 0.120784},
            { 0.000000, 0.000000, 0.000000, 0.000000, 0.000000, 0.063972,-0.106405,-0.035449,-0.018781, 0.113330,-0.044252},
            { 0.000000, 0.000000, 0.000000, 0.000000, 0.000000, 0.003991,-0.035449,-0.214512, 0.120784, 0.044252, 0.010388},
            { 0.000000, 0.000000, 0.000000, 0.000000, 0.000000, 0.027643, 0.018781,-0.120784, 1.043097,-0.063972, 0.003991},
            { 0.000000, 0.000000, 0.000000, 0.000000, 0.000000,-0.018781, 0.113330, 0.044252, 0.063972,-0.106405, 0.035449},
            { 0.000000, 0.000000, 0.000000, 0.000000, 0.000000,-0.120784,-0.044252, 0.010388,-0.003991, 0.035449,-0.214512}
       };
    const double H_negd2[11][11] = 
       {
            {-0.039075, 0.216863, 0.000000, 0.000000, 0.000000, 0.000000, 0.000000, 0.000000, 0.000000, 0.000000, 0.000000},
            {-0.511207,-0.209014, 0.000000, 0.000000, 0.000000, 0.000000, 0.000000, 0.000000, 0.000000, 0.000000, 0.000000},
            { 0.000000, 0.000000,-0.423286, 0.422681,-0.431897, 0.000000, 0.000000, 0.000000, 0.000000, 0.000000, 0.000000},
            { 0.000000, 0.000000, 0.585374,-0.497173, 0.865773, 0.000000, 0.000000, 0.000000, 0.000000, 0.000000, 0.000000},
            { 0.000000, 0.000000,-0.150104, 0.159017, 0.094490, 0.000000, 0.000000, 0.000000, 0.000000, 0.000000, 0.000000},
            { 0.000000, 0.000000, 0.000000, 0.000000, 0.000000, 0.180971, 0.561721,-0.032695, 0.091909,-0.055885, 0.022068},
            { 0.000000, 0.000000, 0.000000, 0.000000, 0.000000, 0.433777, 0.755722, 0.014268,-0.018323, 0.049065, 0.126728},
            { 0.000000, 0.000000, 0.000000, 0.000000, 0.000000,-0.028704, 0.021181,-0.214512, 0.098716, 0.082476, 0.010388},
            { 0.000000, 0.000000, 0.000000, 0.000000, 0.000000, 0.091909,-0.055885,-0.022068, 0.180971, 0.561721, 0.032695},
            { 0.000000, 0.000000, 0.000000, 0.000000, 0.000000,-0.018323, 0.049065,-0.126728, 0.433777, 0.755722,-0.014268},
            { 0.000000, 0.000000, 0.000000, 0.000000, 0.000000,-0.098716,-0.082476, 0.010388, 0.028704,-0.021181,-0.214512}
       };
    const double H_negd3[11][11] = 
       {
            {-0.039075,-0.216863, 0.000000, 0.000000, 0.000000, 0.000000, 0.000000, 0.000000, 0.000000, 0.000000, 0.000000},
            { 0.511207,-0.209014, 0.000000, 0.000000, 0.000000, 0.000000, 0.000000, 0.000000, 0.000000, 0.000000, 0.000000},
            { 0.000000, 0.000000,-0.423286,-0.422681,-0.431897, 0.000000, 0.000000, 0.000000, 0.000000, 0.000000, 0.000000},
            { 0.000000, 0.000000,-0.585374,-0.497173,-0.865773, 0.000000, 0.000000, 0.000000, 0.000000, 0.000000, 0.000000},
            { 0.000000, 0.000000,-0.150104,-0.159017, 0.094490, 0.000000, 0.000000, 0.000000, 0.000000, 0.000000, 0.000000},
            { 0.000000, 0.000000, 0.000000, 0.000000, 0.000000, 0.180971,-0.561721, 0.032695, 0.091909, 0.055885,-0.022068},
            { 0.000000, 0.000000, 0.000000, 0.000000, 0.000000,-0.433777, 0.755722, 0.014268, 0.018323, 0.049065, 0.126728},
            { 0.000000, 0.000000, 0.000000, 0.000000, 0.000000, 0.028704, 0.021181,-0.214512,-0.098716, 0.082476, 0.010388},
            { 0.000000, 0.000000, 0.000000, 0.000000, 0.000000, 0.091909, 0.055885, 0.022068, 0.180971,-0.561721,-0.032695},
            { 0.000000, 0.000000, 0.000000, 0.000000, 0.000000, 0.018323, 0.049065,-0.126728,-0.433777, 0.755722,-0.014268},
            { 0.000000, 0.000000, 0.000000, 0.000000, 0.000000, 0.098716,-0.082476, 0.010388,-0.028704,-0.021181,-0.214512}
       };
    const double H_d4[11][11] = 
       {
            { 0.000000, 0.000000, 0.000000, 0.000000, 0.000000, 1.083022, 0.971982, 0.909738,-1.083022,-0.971982, 0.909738},
            { 0.000000, 0.000000, 0.000000, 0.000000, 0.000000, 0.971982,-0.039326, 0.525238,-0.971982, 0.039326, 0.525238},
            { 0.000000, 0.000000, 0.000000, 0.000000, 0.000000, 0.620258, 0.358106,-0.673097, 0.620258, 0.358106, 0.673097},
            { 0.000000, 0.000000, 0.000000, 0.000000, 0.000000, 0.641121,-0.250590, 0.629032, 0.641121,-0.250590,-0.629032},
            { 0.000000, 0.000000, 0.000000, 0.000000, 0.000000,-0.250590, 0.930478, 0.363172,-0.250590, 0.930478,-0.363172},
            { 1.083022, 0.971982, 0.620258, 0.641121,-0.250590, 0.000000, 0.000000, 0.000000, 0.000000, 0.000000, 0.000000},
            { 0.971982,-0.039326, 0.358106,-0.250590, 0.930478, 0.000000, 0.000000, 0.000000, 0.000000, 0.000000, 0.000000},
            { 0.909738, 0.525238,-0.673097, 0.629032, 0.363172, 0.000000, 0.000000, 0.000000, 0.000000, 0.000000, 0.000000},
            {-1.083022,-0.971982, 0.620258, 0.641121,-0.250590, 0.000000, 0.000000, 0.000000, 0.000000, 0.000000, 0.000000},
            {-0.971982, 0.039326, 0.358106,-0.250590, 0.930478, 0.000000, 0.000000, 0.000000, 0.000000, 0.000000, 0.000000},
            { 0.909738, 0.525238, 0.673097,-0.629032,-0.363172, 0.000000, 0.000000, 0.000000, 0.000000, 0.000000, 0.000000}
       };
    const double H_d5[11][11] = 
       {
            { 0.000000, 0.000000, 0.000000, 0.000000, 0.000000,-0.600500, 0.000000, 0.000000, 0.600500, 0.000000, 0.000000},
            { 0.000000, 0.000000, 0.000000, 0.000000, 0.000000, 0.000000, 1.644196,-1.050476, 0.000000,-1.644196,-1.050476},
            { 0.000000, 0.000000, 0.000000, 0.000000, 0.000000, 0.000000,-0.716213,-0.673097, 0.000000,-0.716213, 0.673097},
            { 0.000000, 0.000000, 0.000000, 0.000000, 0.000000, 1.075157, 0.000000, 0.000000, 1.075157, 0.000000, 0.000000},
            { 0.000000, 0.000000, 0.000000, 0.000000, 0.000000, 0.000000, 0.496443,-0.726344, 0.000000, 0.496443, 0.726344},
            {-0.600500, 0.000000, 0.000000, 1.075157, 0.000000, 0.000000, 0.000000, 0.000000, 0.000000, 0.000000, 0.000000},
            { 0.000000, 1.644196,-0.716213, 0.000000, 0.496443, 0.000000, 0.000000, 0.000000, 0.000000, 0.000000, 0.000000},
            { 0.000000,-1.050476,-0.673097, 0.000000,-0.726344, 0.000000, 0.000000, 0.000000, 0.000000, 0.000000, 0.000000},
            { 0.600500, 0.000000, 0.000000, 1.075157, 0.000000, 0.000000, 0.000000, 0.000000, 0.000000, 0.000000, 0.000000},
            { 0.000000,-1.644196,-0.716213, 0.000000, 0.496443, 0.000000, 0.000000, 0.000000, 0.000000, 0.000000, 0.000000},
            { 0.000000,-1.050476, 0.673097, 0.000000, 0.726344, 0.000000, 0.000000, 0.000000, 0.000000, 0.000000, 0.000000} 
       };
    const double H_d6[11][11] = 
       {
            { 0.000000, 0.000000, 0.000000, 0.000000, 0.000000, 1.083022,-0.971982,-0.909738,-1.083022, 0.971982,-0.909738},
            { 0.000000, 0.000000, 0.000000, 0.000000, 0.000000,-0.971982,-0.039326, 0.525238, 0.971982, 0.039326, 0.525238},
            { 0.000000, 0.000000, 0.000000, 0.000000, 0.000000,-0.620258, 0.358106,-0.673097,-0.620258, 0.358106, 0.673097},
            { 0.000000, 0.000000, 0.000000, 0.000000, 0.000000, 0.641121, 0.250590,-0.629032, 0.641121, 0.250590, 0.629032},
            { 0.000000, 0.000000, 0.000000, 0.000000, 0.000000, 0.250590, 0.930478, 0.363172, 0.250590, 0.930478,-0.363172},
            { 1.083022,-0.971982,-0.620258, 0.641121, 0.250590, 0.000000, 0.000000, 0.000000, 0.000000, 0.000000, 0.000000},
            {-0.971982,-0.039326, 0.358106, 0.250590, 0.930478, 0.000000, 0.000000, 0.000000, 0.000000, 0.000000, 0.000000},
            {-0.909738, 0.525238,-0.673097,-0.629032, 0.363172, 0.000000, 0.000000, 0.000000, 0.000000, 0.000000, 0.000000},
            {-1.083022, 0.971982,-0.620258, 0.641121, 0.250590, 0.000000, 0.000000, 0.000000, 0.000000, 0.000000, 0.000000},
            { 0.971982, 0.039326, 0.358106, 0.250590, 0.930478, 0.000000, 0.000000, 0.000000, 0.000000, 0.000000, 0.000000},
            {-0.909738, 0.525238, 0.673097, 0.629032,-0.363172, 0.000000, 0.000000, 0.000000, 0.000000, 0.000000, 0.000000}
       };
    const double H_d7[11][11] = 
       {
            { 0.000000, 0.000000, 0.000000, 0.000000, 0.000000, 0.000000, 0.000000, 0.000000, 0.000000, 0.000000, 0.000000},
            { 0.000000, 0.000000, 0.000000, 0.000000, 0.000000, 0.000000, 0.000000, 0.000000, 0.000000, 0.000000, 0.000000},
            { 0.000000, 0.000000, 0.000000, 0.000000, 0.000000, 0.000000,-0.125743,-0.057583, 0.000000,-0.125743, 0.057583},
            { 0.000000, 0.000000, 0.000000, 0.000000, 0.000000, 0.000000, 0.000000, 0.000000, 0.000000, 0.000000, 0.000000},
            { 0.000000, 0.000000, 0.000000, 0.000000, 0.000000, 0.000000,-0.205739,-0.185089, 0.000000,-0.205739, 0.185089},
            { 0.000000, 0.000000, 0.000000, 0.000000, 0.000000, 0.000000, 0.000000, 0.000000, 0.000000, 0.000000, 0.000000},
            { 0.000000, 0.000000,-0.125743, 0.000000,-0.205739, 0.000000, 0.000000, 0.000000, 0.000000, 0.000000, 0.000000},
            { 0.000000, 0.000000,-0.057583, 0.000000,-0.185089, 0.000000, 0.000000, 0.000000, 0.000000, 0.000000, 0.000000},
            { 0.000000, 0.000000, 0.000000, 0.000000, 0.000000, 0.000000, 0.000000, 0.000000, 0.000000, 0.000000, 0.000000},
            { 0.000000, 0.000000,-0.125743, 0.000000,-0.205739, 0.000000, 0.000000, 0.000000, 0.000000, 0.000000, 0.000000},
            { 0.000000, 0.000000, 0.057583, 0.000000, 0.185089, 0.000000, 0.000000, 0.000000, 0.000000, 0.000000, 0.000000}
       };
    const double H_d8[11][11] = 
       {
            { 0.000000, 0.000000, 0.000000, 0.000000, 0.000000, 0.000000, 0.000000, 0.000000, 0.000000, 0.000000, 0.000000},
            { 0.000000, 0.000000, 0.000000, 0.000000, 0.000000, 0.000000, 0.000000, 0.000000, 0.000000, 0.000000, 0.000000},
            { 0.000000, 0.000000, 0.000000, 0.000000, 0.000000, 0.108897, 0.062872,-0.057583, 0.108897, 0.062872, 0.057583},
            { 0.000000, 0.000000, 0.000000, 0.000000, 0.000000,-0.154304,-0.089087, 0.160292,-0.154304,-0.089087,-0.160292},
            { 0.000000, 0.000000, 0.000000, 0.000000, 0.000000,-0.089087,-0.051435, 0.092545,-0.089087,-0.051435,-0.092545},
            { 0.000000, 0.000000, 0.108897,-0.154304,-0.089087, 0.000000, 0.000000, 0.000000, 0.000000, 0.000000, 0.000000},
            { 0.000000, 0.000000, 0.062872,-0.089087,-0.051435, 0.000000, 0.000000, 0.000000, 0.000000, 0.000000, 0.000000},
            { 0.000000, 0.000000,-0.057583, 0.160292, 0.092545, 0.000000, 0.000000, 0.000000, 0.000000, 0.000000, 0.000000},
            { 0.000000, 0.000000, 0.108897,-0.154304,-0.089087, 0.000000, 0.000000, 0.000000, 0.000000, 0.000000, 0.000000},
            { 0.000000, 0.000000, 0.062872,-0.089087,-0.051435, 0.000000, 0.000000, 0.000000, 0.000000, 0.000000, 0.000000},
            { 0.000000, 0.000000, 0.057583,-0.160292,-0.092545, 0.000000, 0.000000, 0.000000, 0.000000, 0.000000, 0.000000}
       };
    const double H_d9[11][11] = 
       {
            { 0.000000, 0.000000, 0.000000, 0.000000, 0.000000, 0.000000, 0.000000, 0.000000, 0.000000, 0.000000, 0.000000},
            { 0.000000, 0.000000, 0.000000, 0.000000, 0.000000, 0.000000, 0.000000, 0.000000, 0.000000, 0.000000, 0.000000},
            { 0.000000, 0.000000, 0.000000, 0.000000, 0.000000,-0.108897, 0.062872,-0.057583,-0.108897, 0.062872, 0.057583},
            { 0.000000, 0.000000, 0.000000, 0.000000, 0.000000,-0.154304, 0.089087,-0.160292,-0.154304, 0.089087, 0.160292},
            { 0.000000, 0.000000, 0.000000, 0.000000, 0.000000, 0.089087,-0.051435, 0.092545, 0.089087,-0.051435,-0.092545},
            { 0.000000, 0.000000,-0.108897,-0.154304, 0.089087, 0.000000, 0.000000, 0.000000, 0.000000, 0.000000, 0.000000},
            { 0.000000, 0.000000, 0.062872, 0.089087,-0.051435, 0.000000, 0.000000, 0.000000, 0.000000, 0.000000, 0.000000},
            { 0.000000, 0.000000,-0.057583,-0.160292, 0.092545, 0.000000, 0.000000, 0.000000, 0.000000, 0.000000, 0.000000},
            { 0.000000, 0.000000,-0.108897,-0.154304, 0.089087, 0.000000, 0.000000, 0.000000, 0.000000, 0.000000, 0.000000},
            { 0.000000, 0.000000, 0.062872, 0.089087,-0.051435, 0.000000, 0.000000, 0.000000, 0.000000, 0.000000, 0.000000},
            { 0.000000, 0.000000, 0.057583, 0.160292,-0.092545, 0.000000, 0.000000, 0.000000, 0.000000, 0.000000, 0.000000}
       };
    /**
     * Compute hexagonal homogeneous coordinates from grid coordinates.
     * We use the following system:
     *
     *                M                   M                 |             (-1,2,-1)            (1,1,-2)              
     *         (-1/2, sqrt(3)/2)                            |                                                       
     *                          .                           |                        (0,1,-1)                        
     *                                                      |                                                       
     *                X                   X                 |              (-1,1,0)            (1,0,-1)             
     *                                                      |                                                       
     *                                                      |                                                       
     *      M                   M                    M      |   (-2,1,1)             (0,0,0)              (2,-1,-1)   
     *                        (0,0)                (1,0)    |                                                       
     *                                                      |                                                       
     *                .                   .                 |              (-1,0,1)            (1,-1,0)              
     *                                                      |                                                       
     *                          X                           |                        (0,-1,1)                       
     *                                                      |                                                       
     *                M                   M                 |             (-1,-1,2)            (1,-2,1)             
     *                                                                    
     * In this system, the distance between a point and the center is still the euclidean distance, on all three coordinates.
     */
    std::array<int, 2> hom_vec = {   2 * vector[0] +  -1 * vector[1],
                                    -1 * vector[0] +   2 * vector[1] };
       // redundant 3rd coordinate: -1 * vector[0] -   1 * vector[1]

    /* Shift the arrow vector by the orbital coordinates */
    if (atom(orbit_col) == Atom::M && (atom(orbit_row) == Atom::X_A || atom(orbit_row) == Atom::X_B))
    {
        hom_vec[0] -=  1;
        // hom_vec[2] -= -1;
    }
    else if ((atom(orbit_col) == Atom::X_A || atom(orbit_col) == Atom::X_B) && atom(orbit_row) == Atom::M)
    {
        hom_vec[0] +=  1;
        // hom_vec[2] += -1;
    }

    /* Compute the distance to the origin: 
     * we use the identity r = x^2 + y^2 + z^2 = x^2 + y^2 + (x+y)^2 = 2 * (x * (x+y) + y^2) 
     */
    int r = hom_vec[0] * (hom_vec[0] + hom_vec[1]) + hom_vec[1]*hom_vec[1];
    
    switch (r)
    {
        case 0:
            return onsite[index(orbit_row)][index(orbit_col)];
        case 1:
        {
            if (hom_vec[0] == 0) 
                return H_d5[index(orbit_row)][index(orbit_col)];
            else if (hom_vec[1] == 0) 
                return H_d4[index(orbit_row)][index(orbit_col)];
            else // hom_vec[2] == 0
                return H_d6[index(orbit_row)][index(orbit_col)];
        }
        case 3:
        {
            if (hom_vec[0] == -2)
                return H_posd1[index(orbit_row)][index(orbit_col)];
            else if (hom_vec[0] == -1 && hom_vec[1] == -1)
                return H_posd2[index(orbit_row)][index(orbit_col)];
            else if (hom_vec[1] == -2)
                return H_posd3[index(orbit_row)][index(orbit_col)];
            else if (hom_vec[0] == 2)
                return H_negd1[index(orbit_row)][index(orbit_col)];
            else if (hom_vec[0] == 1 && hom_vec[1] == 1)
                return H_negd2[index(orbit_row)][index(orbit_col)];
            else // (hom_vec[1] == 2)
                return H_negd3[index(orbit_row)][index(orbit_col)];
        }
        case 4:
        {
            if (hom_vec[0] == 0)
                return H_d7[index(orbit_row)][index(orbit_col)];
            else if (hom_vec[1] == 0)
                return H_d8[index(orbit_row)][index(orbit_col)];
            else // hom_vec[2] == 0
                return H_d9[index(orbit_row)][index(orbit_col)];
        }
        default:
            return 0.;
    }   
}


double Coupling::Intralayer::WSe2(const Orbital orbit_row,  const Orbital orbit_col, 
                                        std::array<int, 2> vector)
{
    double onsite[11][11] = 
        {
            { 1.034900, 0.000000, 0.000000, 0.000000, 0.000000, 0.000000, 0.000000, 0.000000, 0.000000, 0.000000, 0.000000},
            { 0.000000, 1.034900, 0.000000, 0.000000, 0.000000, 0.000000, 0.000000, 0.000000, 0.000000, 0.000000, 0.000000},
            { 0.000000, 0.000000,-0.166700, 0.000000, 0.000000, 0.000000, 0.000000, 0.000000, 0.000000, 0.000000, 0.000000},
            { 0.000000, 0.000000, 0.000000, 0.098400, 0.000000, 0.000000, 0.000000, 0.000000, 0.000000, 0.000000, 0.000000},
            { 0.000000, 0.000000, 0.000000, 0.000000, 0.098400, 0.000000, 0.000000, 0.000000, 0.000000, 0.000000, 0.000000},
            { 0.000000, 0.000000, 0.000000, 0.000000, 0.000000,-1.787850, 0.000000, 0.000000,-0.394150, 0.000000, 0.000000},
            { 0.000000, 0.000000, 0.000000, 0.000000, 0.000000, 0.000000,-1.787850, 0.000000, 0.000000,-0.394150, 0.000000},
            { 0.000000, 0.000000, 0.000000, 0.000000, 0.000000, 0.000000, 0.000000,-2.160750, 0.000000, 0.000000, 1.203450},
            { 0.000000, 0.000000, 0.000000, 0.000000, 0.000000,-0.394150, 0.000000, 0.000000,-1.787850, 0.000000, 0.000000},
            { 0.000000, 0.000000, 0.000000, 0.000000, 0.000000, 0.000000,-0.394150, 0.000000, 0.000000,-1.787850, 0.000000},
            { 0.000000, 0.000000, 0.000000, 0.000000, 0.000000, 0.000000, 0.000000, 1.203450, 0.000000, 0.000000,-2.160750}
        };
    double H_posd1[11][11] = 
        {
            {-0.139500, 0.232100, 0.000000, 0.000000, 0.000000, 0.000000, 0.000000, 0.000000, 0.000000, 0.000000, 0.000000},
            {-0.232100, 0.012900, 0.000000, 0.000000, 0.000000, 0.000000, 0.000000, 0.000000, 0.000000, 0.000000, 0.000000},
            { 0.000000, 0.000000,-0.333000, 0.125000, 0.423300, 0.000000, 0.000000, 0.000000, 0.000000, 0.000000, 0.000000},
            { 0.000000, 0.000000,-0.125000, 0.319000, 0.245600, 0.000000, 0.000000, 0.000000, 0.000000, 0.000000, 0.000000},
            { 0.000000, 0.000000, 0.423300,-0.245600,-0.583700, 0.000000, 0.000000, 0.000000, 0.000000, 0.000000, 0.000000},
            { 0.000000, 0.000000, 0.000000, 0.000000, 0.000000, 1.011650, 0.097350, 0.053000, 0.035350, 0.005350,-0.132700},
            { 0.000000, 0.000000, 0.000000, 0.000000, 0.000000,-0.097350,-0.097800,-0.064450,-0.005350, 0.100700,-0.026750},
            { 0.000000, 0.000000, 0.000000, 0.000000, 0.000000,-0.053000,-0.064450,-0.228500,-0.132700, 0.026750, 0.011400},
            { 0.000000, 0.000000, 0.000000, 0.000000, 0.000000, 0.035350, 0.005350, 0.132700, 1.011650, 0.097350,-0.053000},
            { 0.000000, 0.000000, 0.000000, 0.000000, 0.000000,-0.005350, 0.100700, 0.026750,-0.097350,-0.097800, 0.064450},
            { 0.000000, 0.000000, 0.000000, 0.000000, 0.000000, 0.132700,-0.026750, 0.011400, 0.053000, 0.064450,-0.228500}
        };
    double H_posd2[11][11] = 
        {
            {-0.025200,-0.298091, 0.000000, 0.000000, 0.000000, 0.000000, 0.000000, 0.000000, 0.000000, 0.000000, 0.000000},
            { 0.166109,-0.101400, 0.000000, 0.000000, 0.000000, 0.000000, 0.000000, 0.000000, 0.000000, 0.000000, 0.000000},
            { 0.000000, 0.000000,-0.333000, 0.429089,-0.103397, 0.000000, 0.000000, 0.000000, 0.000000, 0.000000, 0.000000},
            { 0.000000, 0.000000, 0.304089,-0.358025, 0.145281, 0.000000, 0.000000, 0.000000, 0.000000, 0.000000, 0.000000},
            { 0.000000, 0.000000,-0.319903, 0.636481, 0.093325, 0.000000, 0.000000, 0.000000, 0.000000, 0.000000, 0.000000},
            { 0.000000, 0.000000, 0.000000, 0.000000, 0.000000, 0.179562, 0.383056,-0.029315, 0.084362,-0.033647,-0.089516},
            { 0.000000, 0.000000, 0.000000, 0.000000, 0.000000, 0.577756, 0.734287, 0.078124,-0.022947, 0.051688,-0.101547},
            { 0.000000, 0.000000, 0.000000, 0.000000, 0.000000,-0.082315,-0.013674,-0.228500,-0.043184,-0.128297, 0.011400},
            { 0.000000, 0.000000, 0.000000, 0.000000, 0.000000, 0.084362,-0.033647, 0.089516, 0.179562, 0.383056, 0.029315},
            { 0.000000, 0.000000, 0.000000, 0.000000, 0.000000,-0.022947, 0.051688, 0.101547, 0.577756, 0.734287,-0.078124},
            { 0.000000, 0.000000, 0.000000, 0.000000, 0.000000, 0.043184, 0.128297, 0.011400, 0.082315, 0.013674,-0.228500}
        };
    double H_posd3[11][11] = 
        {
            {-0.025200, 0.298091, 0.000000, 0.000000, 0.000000, 0.000000, 0.000000, 0.000000, 0.000000, 0.000000, 0.000000},
            {-0.166109,-0.101400, 0.000000, 0.000000, 0.000000, 0.000000, 0.000000, 0.000000, 0.000000, 0.000000, 0.000000},
            { 0.000000, 0.000000,-0.333000,-0.429089,-0.103397, 0.000000, 0.000000, 0.000000, 0.000000, 0.000000, 0.000000},
            { 0.000000, 0.000000,-0.304089,-0.358025,-0.145281, 0.000000, 0.000000, 0.000000, 0.000000, 0.000000, 0.000000},
            { 0.000000, 0.000000,-0.319903,-0.636481, 0.093325, 0.000000, 0.000000, 0.000000, 0.000000, 0.000000, 0.000000},
            { 0.000000, 0.000000, 0.000000, 0.000000, 0.000000, 0.179562,-0.383056, 0.029315, 0.084362, 0.033647, 0.089516},
            { 0.000000, 0.000000, 0.000000, 0.000000, 0.000000,-0.577756, 0.734287, 0.078124, 0.022947, 0.051688,-0.101547},
            { 0.000000, 0.000000, 0.000000, 0.000000, 0.000000, 0.082315,-0.013674,-0.228500, 0.043184,-0.128297, 0.011400},
            { 0.000000, 0.000000, 0.000000, 0.000000, 0.000000, 0.084362, 0.033647,-0.089516, 0.179562,-0.383056,-0.029315},
            { 0.000000, 0.000000, 0.000000, 0.000000, 0.000000, 0.022947, 0.051688, 0.101547,-0.577756, 0.734287,-0.078124},
            { 0.000000, 0.000000, 0.000000, 0.000000, 0.000000,-0.043184, 0.128297, 0.011400,-0.082315, 0.013674,-0.228500}
        };
    double H_negd1[11][11] = 
        {
            {-0.139500,-0.232100, 0.000000, 0.000000, 0.000000, 0.000000, 0.000000, 0.000000, 0.000000, 0.000000, 0.000000},
            { 0.232100, 0.012900, 0.000000, 0.000000, 0.000000, 0.000000, 0.000000, 0.000000, 0.000000, 0.000000, 0.000000},
            { 0.000000, 0.000000,-0.333000,-0.125000, 0.423300, 0.000000, 0.000000, 0.000000, 0.000000, 0.000000, 0.000000},
            { 0.000000, 0.000000, 0.125000, 0.319000,-0.245600, 0.000000, 0.000000, 0.000000, 0.000000, 0.000000, 0.000000},
            { 0.000000, 0.000000, 0.423300, 0.245600,-0.583700, 0.000000, 0.000000, 0.000000, 0.000000, 0.000000, 0.000000},
            { 0.000000, 0.000000, 0.000000, 0.000000, 0.000000, 1.011650,-0.097350,-0.053000, 0.035350,-0.005350, 0.132700},
            { 0.000000, 0.000000, 0.000000, 0.000000, 0.000000, 0.097350,-0.097800,-0.064450, 0.005350, 0.100700,-0.026750},
            { 0.000000, 0.000000, 0.000000, 0.000000, 0.000000, 0.053000,-0.064450,-0.228500, 0.132700, 0.026750, 0.011400},
            { 0.000000, 0.000000, 0.000000, 0.000000, 0.000000, 0.035350,-0.005350,-0.132700, 1.011650,-0.097350, 0.053000},
            { 0.000000, 0.000000, 0.000000, 0.000000, 0.000000, 0.005350, 0.100700, 0.026750, 0.097350,-0.097800, 0.064450},
            { 0.000000, 0.000000, 0.000000, 0.000000, 0.000000,-0.132700,-0.026750, 0.011400,-0.053000, 0.064450,-0.228500}
        };
    double H_negd2[11][11] = 
        {
            {-0.025200, 0.166109, 0.000000, 0.000000, 0.000000, 0.000000, 0.000000, 0.000000, 0.000000, 0.000000, 0.000000},
            {-0.298091,-0.101400, 0.000000, 0.000000, 0.000000, 0.000000, 0.000000, 0.000000, 0.000000, 0.000000, 0.000000},
            { 0.000000, 0.000000,-0.333000, 0.304089,-0.319903, 0.000000, 0.000000, 0.000000, 0.000000, 0.000000, 0.000000},
            { 0.000000, 0.000000, 0.429089,-0.358025, 0.636481, 0.000000, 0.000000, 0.000000, 0.000000, 0.000000, 0.000000},
            { 0.000000, 0.000000,-0.103397, 0.145281, 0.093325, 0.000000, 0.000000, 0.000000, 0.000000, 0.000000, 0.000000},
            { 0.000000, 0.000000, 0.000000, 0.000000, 0.000000, 0.179562, 0.577756,-0.082315, 0.084362,-0.022947, 0.043184},
            { 0.000000, 0.000000, 0.000000, 0.000000, 0.000000, 0.383056, 0.734287,-0.013674,-0.033647, 0.051688, 0.128297},
            { 0.000000, 0.000000, 0.000000, 0.000000, 0.000000,-0.029315, 0.078124,-0.228500, 0.089516, 0.101547, 0.011400},
            { 0.000000, 0.000000, 0.000000, 0.000000, 0.000000, 0.084362,-0.022947,-0.043184, 0.179562, 0.577756, 0.082315},
            { 0.000000, 0.000000, 0.000000, 0.000000, 0.000000,-0.033647, 0.051688,-0.128297, 0.383056, 0.734287, 0.013674},
            { 0.000000, 0.000000, 0.000000, 0.000000, 0.000000,-0.089516,-0.101547, 0.011400, 0.029315,-0.078124,-0.228500}
        };
    double H_negd3[11][11] = 
        {
            {-0.025200,-0.166109, 0.000000, 0.000000, 0.000000, 0.000000, 0.000000, 0.000000, 0.000000, 0.000000, 0.000000},
            { 0.298091,-0.101400, 0.000000, 0.000000, 0.000000, 0.000000, 0.000000, 0.000000, 0.000000, 0.000000, 0.000000},
            { 0.000000, 0.000000,-0.333000,-0.304089,-0.319903, 0.000000, 0.000000, 0.000000, 0.000000, 0.000000, 0.000000},
            { 0.000000, 0.000000,-0.429089,-0.358025,-0.636481, 0.000000, 0.000000, 0.000000, 0.000000, 0.000000, 0.000000},
            { 0.000000, 0.000000,-0.103397,-0.145281, 0.093325, 0.000000, 0.000000, 0.000000, 0.000000, 0.000000, 0.000000},
            { 0.000000, 0.000000, 0.000000, 0.000000, 0.000000, 0.179562,-0.577756, 0.082315, 0.084362, 0.022947,-0.043184},
            { 0.000000, 0.000000, 0.000000, 0.000000, 0.000000,-0.383056, 0.734287,-0.013674, 0.033647, 0.051688, 0.128297},
            { 0.000000, 0.000000, 0.000000, 0.000000, 0.000000, 0.029315, 0.078124,-0.228500,-0.089516, 0.101547, 0.011400},
            { 0.000000, 0.000000, 0.000000, 0.000000, 0.000000, 0.084362, 0.022947, 0.043184, 0.179562,-0.577756,-0.082315},
            { 0.000000, 0.000000, 0.000000, 0.000000, 0.000000, 0.033647, 0.051688,-0.128297,-0.383056, 0.734287, 0.013674},
            { 0.000000, 0.000000, 0.000000, 0.000000, 0.000000, 0.089516,-0.101547, 0.011400,-0.029315,-0.078124,-0.228500}
        };
    double H_d4[11][11] = 
        {
            { 0.000000, 0.000000, 0.000000, 0.000000, 0.000000, 0.969267, 0.875754, 0.858179,-0.969267,-0.875754, 0.858179},
            { 0.000000, 0.000000, 0.000000, 0.000000, 0.000000, 0.875754,-0.041967, 0.495470,-0.875754, 0.041967, 0.495470},
            { 0.000000, 0.000000, 0.000000, 0.000000, 0.000000, 0.553830, 0.319754,-0.636255, 0.553830, 0.319754, 0.636255},
            { 0.000000, 0.000000, 0.000000, 0.000000, 0.000000, 0.550889,-0.254716, 0.523456, 0.550889,-0.254716,-0.523456},
            { 0.000000, 0.000000, 0.000000, 0.000000, 0.000000,-0.254716, 0.845010, 0.302217,-0.254716, 0.845010,-0.302217},
            { 0.969267, 0.875754, 0.553830, 0.550889,-0.254716, 0.000000, 0.000000, 0.000000, 0.000000, 0.000000, 0.000000},
            { 0.875754,-0.041967, 0.319754,-0.254716, 0.845010, 0.000000, 0.000000, 0.000000, 0.000000, 0.000000, 0.000000},
            { 0.858179, 0.495470,-0.636255, 0.523456, 0.302217, 0.000000, 0.000000, 0.000000, 0.000000, 0.000000, 0.000000},
            {-0.969267,-0.875754, 0.553830, 0.550889,-0.254716, 0.000000, 0.000000, 0.000000, 0.000000, 0.000000, 0.000000},
            {-0.875754, 0.041967, 0.319754,-0.254716, 0.845010, 0.000000, 0.000000, 0.000000, 0.000000, 0.000000, 0.000000},
            { 0.858179, 0.495470, 0.636255,-0.523456,-0.302217, 0.000000, 0.000000, 0.000000, 0.000000, 0.000000, 0.000000}
        };
    double H_d5[11][11] = 
        {
            { 0.000000, 0.000000, 0.000000, 0.000000, 0.000000,-0.547583, 0.000000, 0.000000, 0.547583, 0.000000, 0.000000},
            { 0.000000, 0.000000, 0.000000, 0.000000, 0.000000, 0.000000, 1.474883,-0.990939, 0.000000,-1.474883,-0.990939},
            { 0.000000, 0.000000, 0.000000, 0.000000, 0.000000, 0.000000,-0.639507,-0.636255, 0.000000,-0.639507, 0.636255},
            { 0.000000, 0.000000, 0.000000, 0.000000, 0.000000, 0.992071, 0.000000, 0.000000, 0.992071, 0.000000, 0.000000},
            { 0.000000, 0.000000, 0.000000, 0.000000, 0.000000, 0.000000, 0.403829,-0.604435, 0.000000, 0.403829, 0.604435},
            {-0.547583, 0.000000, 0.000000, 0.992071, 0.000000, 0.000000, 0.000000, 0.000000, 0.000000, 0.000000, 0.000000},
            { 0.000000, 1.474883,-0.639507, 0.000000, 0.403829, 0.000000, 0.000000, 0.000000, 0.000000, 0.000000, 0.000000},
            { 0.000000,-0.990939,-0.636255, 0.000000,-0.604435, 0.000000, 0.000000, 0.000000, 0.000000, 0.000000, 0.000000},
            { 0.547583, 0.000000, 0.000000, 0.992071, 0.000000, 0.000000, 0.000000, 0.000000, 0.000000, 0.000000, 0.000000},
            { 0.000000,-1.474883,-0.639507, 0.000000, 0.403829, 0.000000, 0.000000, 0.000000, 0.000000, 0.000000, 0.000000},
            { 0.000000,-0.990939, 0.636255, 0.000000, 0.604435, 0.000000, 0.000000, 0.000000, 0.000000, 0.000000, 0.000000}
        };
    double H_d6[11][11] = 
        {
            { 0.000000, 0.000000, 0.000000, 0.000000, 0.000000, 0.969267,-0.875754,-0.858179,-0.969267, 0.875754,-0.858179},
            { 0.000000, 0.000000, 0.000000, 0.000000, 0.000000,-0.875754,-0.041967, 0.495470, 0.875754, 0.041967, 0.495470},
            { 0.000000, 0.000000, 0.000000, 0.000000, 0.000000,-0.553830, 0.319754,-0.636255,-0.553830, 0.319754, 0.636255},
            { 0.000000, 0.000000, 0.000000, 0.000000, 0.000000, 0.550889, 0.254716,-0.523456, 0.550889, 0.254716, 0.523456},
            { 0.000000, 0.000000, 0.000000, 0.000000, 0.000000, 0.254716, 0.845010, 0.302217, 0.254716, 0.845010,-0.302217},
            { 0.969267,-0.875754,-0.553830, 0.550889, 0.254716, 0.000000, 0.000000, 0.000000, 0.000000, 0.000000, 0.000000},
            {-0.875754,-0.041967, 0.319754, 0.254716, 0.845010, 0.000000, 0.000000, 0.000000, 0.000000, 0.000000, 0.000000},
            {-0.858179, 0.495470,-0.636255,-0.523456, 0.302217, 0.000000, 0.000000, 0.000000, 0.000000, 0.000000, 0.000000},
            {-0.969267, 0.875754,-0.553830, 0.550889, 0.254716, 0.000000, 0.000000, 0.000000, 0.000000, 0.000000, 0.000000},
            { 0.875754, 0.041967, 0.319754, 0.254716, 0.845010, 0.000000, 0.000000, 0.000000, 0.000000, 0.000000, 0.000000},
            {-0.858179, 0.495470, 0.636255, 0.523456,-0.302217, 0.000000, 0.000000, 0.000000, 0.000000, 0.000000, 0.000000}
        };
    double H_d7[11][11] = 
        {
            { 0.000000, 0.000000, 0.000000, 0.000000, 0.000000, 0.000000, 0.000000, 0.000000, 0.000000, 0.000000, 0.000000},
            { 0.000000, 0.000000, 0.000000, 0.000000, 0.000000, 0.000000, 0.000000, 0.000000, 0.000000, 0.000000, 0.000000},
            { 0.000000, 0.000000, 0.000000, 0.000000, 0.000000, 0.000000,-0.113703,-0.047800, 0.000000,-0.113703, 0.047800},
            { 0.000000, 0.000000, 0.000000, 0.000000, 0.000000, 0.000000, 0.000000, 0.000000, 0.000000, 0.000000, 0.000000},
            { 0.000000, 0.000000, 0.000000, 0.000000, 0.000000, 0.000000,-0.171403,-0.185121, 0.000000,-0.171403, 0.185121},
            { 0.000000, 0.000000, 0.000000, 0.000000, 0.000000, 0.000000, 0.000000, 0.000000, 0.000000, 0.000000, 0.000000},
            { 0.000000, 0.000000,-0.113703, 0.000000,-0.171403, 0.000000, 0.000000, 0.000000, 0.000000, 0.000000, 0.000000},
            { 0.000000, 0.000000,-0.047800, 0.000000,-0.185121, 0.000000, 0.000000, 0.000000, 0.000000, 0.000000, 0.000000},
            { 0.000000, 0.000000, 0.000000, 0.000000, 0.000000, 0.000000, 0.000000, 0.000000, 0.000000, 0.000000, 0.000000},
            { 0.000000, 0.000000,-0.113703, 0.000000,-0.171403, 0.000000, 0.000000, 0.000000, 0.000000, 0.000000, 0.000000},
            { 0.000000, 0.000000, 0.047800, 0.000000, 0.185121, 0.000000, 0.000000, 0.000000, 0.000000, 0.000000, 0.000000}
        };
    double H_d8[11][11] = 
        {
            { 0.000000, 0.000000, 0.000000, 0.000000, 0.000000, 0.000000, 0.000000, 0.000000, 0.000000, 0.000000, 0.000000},
            { 0.000000, 0.000000, 0.000000, 0.000000, 0.000000, 0.000000, 0.000000, 0.000000, 0.000000, 0.000000, 0.000000},
            { 0.000000, 0.000000, 0.000000, 0.000000, 0.000000, 0.098469, 0.056851,-0.047800, 0.098469, 0.056851, 0.047800},
            { 0.000000, 0.000000, 0.000000, 0.000000, 0.000000,-0.128552,-0.074220, 0.160319,-0.128552,-0.074220,-0.160319},
            { 0.000000, 0.000000, 0.000000, 0.000000, 0.000000,-0.074220,-0.042851, 0.092560,-0.074220,-0.042851,-0.092560},
            { 0.000000, 0.000000, 0.098469,-0.128552,-0.074220, 0.000000, 0.000000, 0.000000, 0.000000, 0.000000, 0.000000},
